Right Over position_2:
right_e0: -0.0379816077961
right_e1: 1.9578395558
right_s0: 0.936303344117
right_s1: -1.03311135074
right_w0: 0.00756766731279
right_w1: 0.585428057894
right_w2: 0.0440674358913

Left Over position_1:
left_e0: 0.0947951644358
left_e1: 1.94607521464
left_s0: -1.14424839441
left_s1: -1.05315839735
left_w0: 0.0215593622689
left_w1: 0.672137931121
left_w2: -0.407178646498

Left Over position_4:
left_e0: 0.0918729804403
left_e1: 1.19979468984
left_s0: -1.03318863639
left_s1: -0.645061714649
left_w0: -0.048990067134
left_w1: 1.02147691636
left_w2: -0.312324654142

Right Over position_3:
right_e0: -0.0602087459245
right_e1: 0.967941877156
right_s0: 0.933427309428
right_s1: -0.523470943866
right_w0: 0.0908883616822
right_w1: 1.16160695163
right_w2: -0.053305832379

